              precision    recall  f1-score   support

           0       1.00      1.00      1.00         3
           1       1.00      1.00      1.00         3
           2       1.00      1.00      1.00         3
           3       1.00      1.00      1.00         3
           4       1.00      1.00      1.00         3
           5       1.00      1.00      1.00         3
           6       1.00      1.00      1.00         3

    accuracy                           1.00        21
   macro avg       1.00      1.00      1.00        21
weighted avg       1.00      1.00      1.00        21


[[3 0 0 0 0 0 0]
 [0 3 0 0 0 0 0]
 [0 0 3 0 0 0 0]
 [0 0 0 3 0 0 0]
 [0 0 0 0 3 0 0]
 [0 0 0 0 0 3 0]
 [0 0 0 0 0 0 3]]
