Final Weights:
[array([[-0.25774099, -0.15586143, -0.06581017, ...,  0.22172211,
        -0.21500622,  0.11859203],
       [-0.17544002, -0.2167436 , -0.20286153, ...,  0.2397922 ,
        -0.22425711,  0.03329309],
       [ 0.19222703,  0.00193105, -0.17393472, ...,  0.26126983,
        -0.06360546, -0.04889794],
       ...,
       [ 0.24615528,  0.07809663, -0.0691253 , ...,  0.14687285,
        -0.35201548, -0.22081195],
       [ 0.23577724, -0.11485885, -0.06141811, ...,  0.19399748,
        -0.04359337, -0.03196664],
       [ 0.1249466 , -0.29442747, -0.07986098, ...,  0.16484775,
        -0.00599992, -0.01648401]]), array([[ 0.31518327, -0.39182181,  0.51230863, -0.45557822,  0.55412022,
        -0.33850651, -0.15708885],
       [-0.33161823, -0.15505817,  0.34337709,  0.30075802, -0.37517164,
         0.41180021, -0.38717134],
       [ 0.3028111 , -0.27971177, -0.57970518, -0.33318343, -0.41901321,
         0.4690658 , -0.07495421],
       [-0.0400315 ,  0.38070608, -0.27835834, -0.51528364,  0.15689088,
        -0.37818771,  0.21100496],
       [-0.14649806,  0.33962217,  0.03457052,  0.24068409, -0.34999958,
        -0.37870096,  0.52077315],
       [ 0.3664266 , -0.19986912,  0.34553609,  0.46726536, -0.45465217,
         0.30665984, -0.3795379 ],
       [-0.19737373,  0.17697209,  0.44376546,  0.27650464, -0.44037469,
        -0.42216382,  0.53539521],
       [ 0.18675099, -0.01283043, -0.44556669,  0.52641938, -0.135455  ,
         0.00852616,  0.27336944],
       [ 0.00881696,  0.34403007, -0.4574812 , -0.29366749,  0.36695229,
         0.36426401, -0.27004718],
       [ 0.01505798,  0.19726269, -0.45797099,  0.42032566, -0.25168539,
         0.31516164, -0.49734683],
       [-0.2583178 ,  0.44014965,  0.41323077, -0.13878566, -0.36135179,
         0.35292394, -0.28714171],
       [ 0.28926376, -0.42617475, -0.32447816, -0.02242315,  0.44424814,
        -0.43023096,  0.27042759],
       [-0.15198383,  0.15481004, -0.27202281,  0.37989208, -0.31244536,
        -0.28060942,  0.31886136],
       [ 0.26506829,  0.29654571,  0.29621935, -0.25568996, -0.30738677,
        -0.4486081 , -0.30958454],
       [ 0.14459264,  0.37523522, -0.23186111,  0.25845754, -0.38184987,
        -0.39446445,  0.30587176],
       [ 0.3934316 , -0.33120509,  0.45022822, -0.4231728 ,  0.41643076,
         0.28669827, -0.31024887],
       [-0.22070805,  0.24822647, -0.38724653, -0.36933859,  0.39669674,
        -0.30809467,  0.30773695],
       [-0.37833184,  0.25961949, -0.35734012, -0.47182596,  0.36048402,
         0.41589723,  0.22183116],
       [-0.13612038,  0.23956269, -0.39404279,  0.35931224,  0.3358329 ,
        -0.2755084 , -0.41802988],
       [-0.3498149 , -0.09306327, -0.44278583,  0.59931971,  0.36041668,
         0.46475209,  0.27316666],
       [ 0.36762725, -0.34484792, -0.28725631, -0.16125948, -0.29650553,
         0.39366951,  0.44773413],
       [ 0.01713762,  0.266675  ,  0.36031745, -0.44236552,  0.20484318,
        -0.32265361, -0.44296562],
       [ 0.16702144, -0.42257342, -0.48083837, -0.46314214,  0.3548971 ,
         0.16574605, -0.10178811],
       [-0.35134085,  0.28577516,  0.45544268, -0.52870064, -0.39883849,
         0.43224648,  0.51052674],
       [-0.19719849, -0.03489967,  0.27608381, -0.19416708,  0.53066092,
         0.39755629, -0.35672165],
       [-0.23431613,  0.32099447,  0.33222207,  0.42545658, -0.27798886,
         0.27986595, -0.30069528],
       [-0.25814851, -0.45276233,  0.35434103,  0.38071289,  0.34204425,
        -0.30651647,  0.36093621],
       [-0.2653222 ,  0.30951893,  0.31653029,  0.24972828,  0.41199508,
        -0.4508826 , -0.33586208],
       [ 0.26324411, -0.52137915, -0.33362998,  0.5153579 ,  0.20876779,
        -0.40085428,  0.19052307],
       [-0.23772711,  0.39592158,  0.19264734,  0.36083509, -0.44922154,
         0.33175072, -0.3854498 ],
       [ 0.37081843, -0.43852863,  0.38199831, -0.32850628, -0.41763697,
         0.20587839, -0.3284067 ],
       [ 0.28497807, -0.2441586 ,  0.51953445, -0.41403779,  0.24326162,
        -0.4724116 ,  0.21572744],
       [ 0.31660472,  0.28186451, -0.4551341 , -0.47668224,  0.37521174,
        -0.43931999, -0.53242879],
       [ 0.14399976, -0.31546257,  0.20145061, -0.39940562, -0.38746448,
         0.34496141,  0.28597824],
       [ 0.32647499, -0.12815598, -0.12180951,  0.46732252, -0.47024897,
         0.10584832,  0.38611662]])]
